RMSE: 67.21738417921205
NRMSE: 0.447638034356375