RMSE: 183.9554770691754
NRMSE: 1.2317383138885971