RMSE: 101.77329078867827
NRMSE: 0.6777650810861673