RMSE: 135.42047777045264
NRMSE: 0.9018404572118713