RMSE: 100.49401168273464
NRMSE: 0.44851957879340415