RMSE: 274.6108339353239
NRMSE: 1.2256286071813556
