RMSE: 104.12665525114156
NRMSE: 0.4647326021957564