(47.74, -122.54)   (47.74, -122.47)   (47.74, -122.41)   (47.74, -122.34)   (47.74, -122.27)   (47.74, -122.21)   (47.74, -122.14)

(47.70, -122.54)   (47.70, -122.47)   (47.70, -122.41)   (47.70, -122.34)   (47.70, -122.27)   (47.70, -122.21)   (47.70, -122.14)

(47.65, -122.54)   (47.65, -122.47)   (47.65, -122.41)   (47.65, -122.34)   (47.65, -122.27)   (47.65, -122.21)   (47.65, -122.14)

(47.61, -122.54)   (47.61, -122.47)   (47.61, -122.41)   (47.61, -122.34)   (47.61, -122.27)   (47.61, -122.21)   (47.61, -122.14)

(47.57, -122.54)   (47.57, -122.47)   (47.57, -122.41)   (47.57, -122.34)   (47.57, -122.27)   (47.57, -122.21)   (47.57, -122.14)

(47.52, -122.54)   (47.52, -122.47)   (47.52, -122.41)   (47.52, -122.34)   (47.52, -122.27)   (47.52, -122.21)   (47.52, -122.14)

(47.48, -122.54)   (47.48, -122.47)   (47.48, -122.41)   (47.48, -122.34)   (47.48, -122.27)   (47.48, -122.21)   (47.48, -122.14)

Create one folder for each row.
data/row1/
data/row2/ ...

Inside each row folder, create subfolders for each point.
data/row1/1/ 
data/row1/2/ ... 

Place CSVs from NSRDB in corresponding folders, then run format.py. 

For single point models, you only need the data for data/row4/4/